[109, 259, 159, 293, 141, 301]
[159, 293, 109, 259, 126, 238]
[0, 400, 80, 311, 80, 357]
[80, 311, 0, 400, 0, 0]
[213, 473, 201, 418, 215, 423]
[201, 418, 213, 473, 194, 484]
[83, 405, 0, 400, 80, 357]
[0, 400, 83, 405, 88, 454]
[80, 357, 80, 311, 141, 301]
[201, 418, 88, 454, 83, 405]
[88, 454, 201, 418, 194, 484]
[0, 400, 88, 454, 96, 502]
[83, 405, 80, 357, 156, 311]
[228, 507, 209, 525, 211, 504]
[209, 525, 228, 507, 226, 528]
[0, 400, 96, 502, 0, 760]
[201, 418, 83, 405, 156, 311]
[0, 760, 114, 546, 144, 580]
[114, 546, 0, 760, 96, 502]
[96, 502, 88, 454, 177, 503]
[201, 418, 156, 311, 178, 313]
[0, 760, 215, 727, 0, 799]
[215, 727, 0, 760, 180, 607]
[114, 546, 96, 502, 177, 503]
[299, 507, 464, 486, 434, 531]
[464, 486, 299, 507, 270, 421]
[0, 760, 144, 580, 180, 607]
[144, 580, 114, 546, 177, 503]
[212, 248, 241, 298, 199, 309]
[241, 298, 212, 248, 283, 255]
[180, 607, 144, 580, 209, 525]
[270, 421, 227, 383, 232, 354]
[227, 383, 270, 421, 250, 425]
[215, 727, 180, 607, 226, 616]
[226, 616, 180, 607, 226, 528]
[391, 568, 300, 799, 335, 591]
[300, 799, 391, 568, 599, 799]
[278, 611, 300, 799, 215, 727]
[300, 799, 278, 611, 335, 591]
[226, 616, 278, 611, 215, 727]
[278, 611, 226, 616, 244, 528]
[335, 591, 278, 611, 271, 523]
[270, 421, 232, 354, 309, 312]
[391, 568, 599, 597, 599, 799]
[599, 597, 391, 568, 434, 531]
[391, 568, 335, 591, 299, 507]
[331, 317, 355, 298, 356, 317]
[355, 298, 331, 317, 331, 299]
[599, 597, 538, 410, 599, 400]
[538, 410, 599, 597, 464, 486]
[434, 531, 391, 568, 299, 507]
[178, 313, 232, 354, 227, 383]
[232, 354, 178, 313, 199, 309]
[464, 486, 599, 597, 434, 531]
[154, 235, 159, 293, 126, 238]
[159, 293, 154, 235, 183, 239]
[538, 410, 464, 486, 479, 433]
[479, 433, 464, 486, 270, 421]
[159, 293, 183, 239, 181, 294]
[538, 410, 494, 321, 599, 400]
[494, 321, 538, 410, 487, 377]
[479, 433, 487, 377, 538, 410]
[487, 377, 479, 433, 376, 309]
[599, 0, 599, 400, 494, 321]
[494, 321, 487, 377, 376, 309]
[309, 312, 232, 354, 237, 327]
[80, 311, 0, 0, 109, 259]
[159, 293, 178, 313, 156, 311]
[178, 313, 159, 293, 181, 294]
[80, 311, 109, 259, 141, 301]
[109, 259, 0, 0, 126, 238]
[80, 357, 141, 301, 156, 311]
[183, 239, 300, 0, 212, 248]
[300, 0, 183, 239, 154, 235]
[154, 235, 126, 238, 0, 0]
[283, 255, 300, 0, 321, 244]
[300, 0, 283, 255, 212, 248]
[309, 312, 283, 255, 331, 299]
[283, 255, 309, 312, 241, 298]
[183, 239, 212, 248, 181, 294]
[241, 298, 309, 312, 237, 327]
[331, 299, 321, 244, 355, 298]
[321, 244, 331, 299, 283, 255]
[300, 0, 154, 235, 0, 0]
[355, 298, 321, 244, 359, 240]
[359, 240, 321, 244, 300, 0]
[300, 0, 397, 247, 359, 240]
[397, 247, 300, 0, 599, 0]
[599, 0, 494, 321, 427, 271]
[359, 240, 397, 247, 355, 298]
[599, 0, 427, 271, 397, 247]
[494, 321, 376, 309, 427, 271]
[397, 247, 427, 271, 376, 309]
[270, 421, 299, 507, 271, 488]
[178, 313, 227, 383, 201, 418]
[241, 298, 237, 327, 199, 309]
[230, 427, 228, 477, 213, 473]
[228, 477, 230, 427, 244, 474]
[237, 327, 232, 354, 199, 309]
[228, 477, 244, 491, 228, 491]
[244, 491, 228, 477, 244, 474]
[88, 454, 194, 484, 177, 503]
[226, 616, 226, 528, 244, 528]
[180, 607, 209, 525, 226, 528]
[201, 418, 227, 383, 215, 423]
[213, 489, 213, 473, 228, 477]
[213, 473, 213, 489, 194, 484]
[215, 423, 227, 383, 230, 427]
[335, 591, 271, 523, 299, 507]
[215, 423, 230, 427, 213, 473]
[230, 427, 227, 383, 250, 425]
[230, 427, 250, 425, 244, 474]
[479, 433, 270, 421, 356, 317]
[250, 425, 270, 421, 244, 474]
[356, 317, 355, 298, 376, 309]
[178, 313, 181, 294, 199, 309]
[141, 301, 159, 293, 156, 311]
[181, 294, 212, 248, 199, 309]
[270, 421, 309, 312, 331, 317]
[479, 433, 356, 317, 376, 309]
[309, 312, 331, 299, 331, 317]
[355, 298, 397, 247, 376, 309]
[356, 317, 270, 421, 331, 317]
[144, 580, 177, 503, 192, 517]
[177, 503, 194, 484, 190, 500]
[244, 491, 244, 474, 271, 488]
[244, 508, 271, 488, 271, 523]
[271, 488, 244, 508, 244, 491]
[244, 474, 270, 421, 271, 488]
[299, 507, 271, 523, 286, 504]
[271, 488, 299, 507, 286, 504]
[271, 523, 271, 488, 286, 504]
[271, 523, 278, 611, 244, 528]
[228, 491, 211, 504, 213, 489]
[211, 504, 228, 491, 228, 507]
[271, 523, 244, 528, 244, 508]
[194, 484, 213, 489, 190, 500]
[244, 528, 226, 528, 228, 507]
[190, 500, 211, 504, 192, 517]
[211, 504, 190, 500, 213, 489]
[209, 525, 144, 580, 192, 517]
[192, 517, 177, 503, 190, 500]
[209, 525, 192, 517, 211, 504]
[213, 489, 228, 477, 228, 491]
[244, 528, 228, 507, 244, 508]
[244, 491, 244, 508, 228, 507]
[228, 491, 244, 491, 228, 507]
[300, 799, 0, 799, 215, 727]
