101 204
76 273
58 354
64 414
113 490
141 524
176 604
230 654
297 683
369 662
418 610
479 534
491 469
499 404
517 356
501 282
489 223
119 357
147 318
178 297
220 290
260 306
307 323
341 306
382 295
414 297
445 326
291 367
291 411
296 446
294 506
261 511
269 523
297 538
315 526
330 513
188 356
205 338
240 334
260 367
240 375
208 375
317 365
339 338
377 332
397 348
381 370
345 373
229 599
256 598
274 589
295 590
318 586
340 598
383 588
355 618
316 622
293 622
269 618
251 612
256 606
281 602
297 598
321 602
349 603
318 610
298 610
279 606
553 291
302 730
0 732
599 697
0 0
0 400
0 799
300 799
599 799
599 400
599 0
300 0
