[300, 0, 220, 290, 101, 204]
[220, 290, 300, 0, 260, 306]
[119, 357, 64, 414, 58, 354]
[64, 414, 119, 357, 113, 490]
[0, 0, 76, 273, 0, 400]
[76, 273, 0, 0, 101, 204]
[76, 273, 101, 204, 178, 297]
[119, 357, 58, 354, 76, 273]
[0, 400, 76, 273, 58, 354]
[64, 414, 0, 400, 58, 354]
[0, 400, 64, 414, 113, 490]
[291, 367, 260, 306, 307, 323]
[260, 306, 291, 367, 260, 367]
[0, 732, 176, 604, 230, 654]
[176, 604, 0, 732, 141, 524]
[339, 338, 345, 373, 317, 365]
[345, 373, 339, 338, 377, 332]
[113, 490, 0, 732, 0, 400]
[0, 732, 113, 490, 141, 524]
[141, 524, 113, 490, 208, 375]
[340, 598, 315, 526, 330, 513]
[315, 526, 340, 598, 318, 586]
[176, 604, 141, 524, 229, 599]
[297, 598, 281, 602, 295, 590]
[281, 602, 297, 598, 298, 610]
[0, 732, 230, 654, 0, 799]
[230, 654, 176, 604, 229, 599]
[296, 446, 261, 511, 208, 375]
[261, 511, 296, 446, 294, 506]
[0, 799, 230, 654, 300, 799]
[230, 654, 297, 683, 302, 730]
[297, 683, 230, 654, 269, 618]
[296, 446, 208, 375, 240, 375]
[230, 654, 302, 730, 300, 799]
[297, 683, 369, 662, 302, 730]
[369, 662, 297, 683, 316, 622]
[369, 662, 599, 697, 599, 799]
[599, 697, 369, 662, 418, 610]
[369, 662, 300, 799, 302, 730]
[300, 799, 369, 662, 599, 799]
[418, 610, 369, 662, 355, 618]
[240, 334, 240, 375, 205, 338]
[240, 375, 240, 334, 260, 367]
[599, 697, 479, 534, 599, 400]
[479, 534, 599, 697, 418, 610]
[479, 534, 418, 610, 383, 588]
[119, 357, 208, 375, 113, 490]
[208, 375, 119, 357, 188, 356]
[517, 356, 599, 400, 499, 404]
[599, 400, 517, 356, 553, 291]
[479, 534, 491, 469, 599, 400]
[491, 469, 479, 534, 330, 513]
[147, 318, 205, 338, 188, 356]
[205, 338, 147, 318, 178, 297]
[491, 469, 499, 404, 599, 400]
[499, 404, 491, 469, 381, 370]
[76, 273, 147, 318, 119, 357]
[147, 318, 76, 273, 178, 297]
[517, 356, 499, 404, 445, 326]
[345, 373, 296, 446, 291, 411]
[296, 446, 345, 373, 381, 370]
[517, 356, 501, 282, 553, 291]
[501, 282, 517, 356, 445, 326]
[296, 446, 240, 375, 291, 411]
[553, 291, 489, 223, 599, 0]
[489, 223, 553, 291, 501, 282]
[489, 223, 501, 282, 414, 297]
[553, 291, 599, 0, 599, 400]
[205, 338, 178, 297, 220, 290]
[345, 373, 377, 332, 381, 370]
[119, 357, 147, 318, 188, 356]
[101, 204, 220, 290, 178, 297]
[260, 306, 300, 0, 341, 306]
[382, 295, 300, 0, 489, 223]
[300, 0, 382, 295, 341, 306]
[339, 338, 307, 323, 341, 306]
[307, 323, 339, 338, 317, 365]
[220, 290, 260, 306, 240, 334]
[260, 306, 341, 306, 307, 323]
[307, 323, 317, 365, 291, 367]
[381, 370, 377, 332, 397, 348]
[414, 297, 377, 332, 382, 295]
[377, 332, 414, 297, 397, 348]
[489, 223, 414, 297, 382, 295]
[341, 306, 382, 295, 377, 332]
[501, 282, 445, 326, 414, 297]
[445, 326, 499, 404, 397, 348]
[414, 297, 445, 326, 397, 348]
[381, 370, 491, 469, 330, 513]
[208, 375, 261, 511, 141, 524]
[291, 367, 291, 411, 260, 367]
[291, 411, 291, 367, 317, 365]
[294, 506, 330, 513, 315, 526]
[330, 513, 294, 506, 296, 446]
[330, 513, 479, 534, 383, 588]
[229, 599, 261, 511, 269, 523]
[261, 511, 229, 599, 141, 524]
[321, 602, 297, 598, 318, 586]
[297, 598, 321, 602, 318, 610]
[256, 598, 251, 612, 229, 599]
[251, 612, 256, 598, 256, 606]
[261, 511, 294, 506, 269, 523]
[269, 523, 256, 598, 229, 599]
[256, 598, 269, 523, 274, 589]
[269, 523, 294, 506, 297, 538]
[297, 538, 295, 590, 274, 589]
[295, 590, 297, 538, 318, 586]
[269, 523, 297, 538, 274, 589]
[297, 538, 294, 506, 315, 526]
[297, 538, 315, 526, 318, 586]
[330, 513, 296, 446, 381, 370]
[188, 356, 205, 338, 208, 375]
[205, 338, 220, 290, 240, 334]
[240, 334, 260, 306, 260, 367]
[260, 367, 291, 411, 240, 375]
[205, 338, 240, 375, 208, 375]
[291, 411, 317, 365, 345, 373]
[341, 306, 377, 332, 339, 338]
[499, 404, 381, 370, 397, 348]
[230, 654, 229, 599, 251, 612]
[293, 622, 297, 683, 269, 618]
[297, 683, 293, 622, 316, 622]
[256, 598, 274, 589, 279, 606]
[295, 590, 281, 602, 274, 589]
[355, 618, 318, 610, 349, 603]
[318, 610, 355, 618, 316, 622]
[295, 590, 318, 586, 297, 598]
[340, 598, 330, 513, 383, 588]
[318, 586, 340, 598, 321, 602]
[418, 610, 355, 618, 383, 588]
[369, 662, 316, 622, 355, 618]
[340, 598, 383, 588, 349, 603]
[349, 603, 318, 610, 340, 598]
[383, 588, 355, 618, 349, 603]
[256, 598, 279, 606, 256, 606]
[316, 622, 293, 622, 298, 610]
[279, 606, 274, 589, 281, 602]
[293, 622, 269, 618, 279, 606]
[269, 618, 230, 654, 251, 612]
[269, 618, 251, 612, 256, 606]
[269, 618, 256, 606, 279, 606]
[279, 606, 298, 610, 293, 622]
[298, 610, 279, 606, 281, 602]
[316, 622, 298, 610, 318, 610]
[340, 598, 318, 610, 321, 602]
[297, 598, 318, 610, 298, 610]
[489, 223, 300, 0, 599, 0]
[101, 204, 0, 0, 300, 0]
